1.089843750000000000e+02 5.054687500000000000e+02 100
3.058593750000000000e+02 6.664062500000000000e+02 100
4.746093750000000000e+02 8.273437500000000000e+02 100
6.152343750000001137e+02 9.882812500000000000e+02 100
7.277343750000000000e+02 1.149218750000000000e+03 100
8.121093750000000000e+02 1.310156250000000000e+03 100
8.683593750000002274e+02 1.471093750000000000e+03 100
8.964843750000001137e+02 1.632031250000000000e+03 100
8.964843750000000000e+02 1.792968750000000000e+03 100
8.683593750000000000e+02 1.953906250000000000e+03 100
8.121093749999997726e+02 2.114843750000000000e+03 100
7.277343750000000000e+02 2.275781250000000000e+03 100
6.152343750000000000e+02 2.436718750000000000e+03 100
4.746093750000003979e+02 2.597656250000000000e+03 100
3.058593750000000000e+02 2.758593750000000000e+03 100
1.089843750000000000e+02 2.919531250000000000e+03 100
